[[ 6.45751274e-02  1.87922719e-01 -4.45648510e-01  4.35627747e-01
  -4.05571584e-01 -3.78886595e-01  8.70199881e-02 -1.06704369e-01 1.11497187e-01  4.82397856e-01]
 [-2.25678058e-01 -1.96067168e-01  4.63346530e-01  1.50724042e-01
  -3.06694282e-01  1.39658991e-01  4.86443839e-01 -3.84265037e-01 -3.84271399e-01  1.66437927e-01]
 [ 6.67590925e-01 -2.77892572e-01 -9.45678542e-02  2.23431973e-01
  -3.34149235e-01  9.61863396e-02  9.75145619e-03  2.38066618e-01 -3.49692811e-01 -3.43903706e-01]
 [ 8.20877066e-03  4.20472031e-01 -2.77555756e-16 -4.12263261e-01
   2.49800181e-16 -4.04054490e-01  4.04054490e-01  3.95845719e-01 -4.12263261e-01  2.77555756e-17]
 [-3.92146363e-01 -5.79675585e-01  8.32667268e-17  1.87529222e-01
   8.32667268e-17 -2.04617141e-01  2.04617141e-01  5.96763504e-01 1.87529222e-01  6.10622664e-16]
 [ 4.51892213e-02 -3.92887909e-02  4.02771207e-01  3.41477119e-01
   3.00192702e-01 -6.23405743e-01 -3.92447812e-01 -1.12528750e-01 -2.62336729e-01 -5.77417798e-02]
 [-1.65744950e-01  2.81516385e-01 -2.14693574e-01  4.68111982e-01
   2.64531403e-01  7.80204245e-03  4.10851206e-01 -1.43638864e-01 7.28147020e-02 -6.02730807e-01]
 [-1.43684086e-02 -2.25017847e-01 -4.42754391e-01  8.50015885e-02
   5.61380841e-01  2.09909341e-01  3.97216856e-02 -3.45993004e-02 -5.14806391e-01  3.44808459e-01]
 [ 4.74855245e-01 -3.20713428e-01  2.42095898e-02 -2.37121574e-01
   2.97152048e-01 -3.06628014e-01  4.47149029e-01 -2.99817613e-01 3.70367576e-01  7.42803744e-02]
 [-3.00280304e-01 -3.19237692e-01 -4.15726820e-01 -3.65066181e-01
  -2.57399081e-01 -3.09486727e-01 -1.61995530e-01 -3.83504597e-01 -1.90184911e-01 -3.60959805e-01]]