# v_1, v_2, v_3, v_4, v_5, v_6, v_7, v_8, v_9, v_10, v_11, v_12, v_13, v_14, v_15, v_16, v_17, v_18, v_19, v_20, v_21, v_22, v_23, v_24, v_25, v_26, v_27, v_28, v_29, v_30, v_31, v_32, v_33, v_34, 
3.171699163123162246e-01 -2.773015887753151332e-01 5.546845306082507365e-01 -1.713914754587715639e-01 -1.875194782848712671e-03 -1.742992300566630977e-16 6.710780105370514614e-02 -5.933367257005195405e-02 -3.800372780892900815e-02 -1.514257675639294476e-01 6.332276714570699017e-02 -1.645650663891300436e-01 0.000000000000000000e+00 0.000000000000000000e+00 0.000000000000000000e+00 0.000000000000000000e+00 0.000000000000000000e+00 0.000000000000000000e+00 0.000000000000000000e+00 0.000000000000000000e+00 0.000000000000000000e+00 0.000000000000000000e+00 1.865349782944595025e-01 7.849504554177476334e-02 2.309725416414203092e-02 -1.359513227152471804e-01 1.314411706185598938e-01 5.919856996808211397e-02 7.329666472900867036e-02 -1.430097287543050655e-01 1.422808869205060590e-02 -1.978575789468595691e-01 3.868610732125507545e-01 -3.554914445245660470e-01
1.249612758555594116e-01 -1.078773059144458590e-01 1.703733082936481624e-02 6.654229031459971688e-01 4.152857954984939814e-02 6.284692152757575981e-17 6.089824514072154915e-02 -3.981733579785606825e-02 1.184893600853230144e-01 1.368187781308970175e-01 -1.469999372467647447e-01 1.742682220936686288e-01 -9.742076291547824679e-17 1.497977744126915718e-16 -8.530208829144740214e-17 2.794103667971813826e-17 1.448110347346820581e-16 1.410029212751704957e-16 2.446126193242664980e-16 6.665675142092153155e-17 2.169425806027789072e-16 -3.513473856399879575e-17 -1.238436824481232712e-01 -1.578854707867065610e-01 -4.214774159141453785e-02 1.392241971957688673e-01 -2.771042293762919773e-01 -8.652397993689019129e-02 -1.323542903082953852e-02 -2.896913848229725197e-01 -4.906027419150957303e-02 2.502973072354321982e-01 2.689395227120793264e-01 -2.659599195524913195e-01
2.726159360856303046e-02 5.392422124692842766e-01 1.332789469085373935e-01 -1.061883502788358580e-01 -7.661319308398759076e-02 2.177701376576787617e-16 1.263177035376332746e-01 -1.172773509726703078e-01 2.077927283401337644e-01 2.835503334804250208e-01 -1.315676722644020524e-01 -1.841065717618397268e-01 -1.322420635620090508e-16 1.939710617609578110e-16 -2.876794040076816430e-16 9.169424844711386387e-17 7.406537133850177121e-17 2.173263531242115722e-16 3.252137317701135167e-17 2.039947270303469509e-16 5.158909146447676096e-17 -2.120413313108241312e-16 1.116273686143993832e-01 -1.731204025272947145e-01 5.669968548576836270e-02 -1.324264860990377879e-01 -7.231039186746023029e-02 -6.856392599813151967e-02 -1.344984365457932776e-02 4.596329997900756026e-01 7.650616917484864832e-02 2.466749029974610041e-01 1.311595599879041008e-01 -3.171925044864314369e-01
-1.922241372630313638e-02 -1.990698388849050302e-02 -5.449051705322568301e-02 -9.638554592248219088e-02 -6.465889698908017236e-02 -2.329478953314294600e-16 -7.474693775445132582e-01 5.481894483347507507e-02 -2.312544217283033984e-02 3.026329347954048038e-02 -1.845991378956829410e-02 1.134539490741411361e-01 2.062653199038843753e-16 -1.926973115339620410e-16 2.285117690013934208e-16 -1.125483797071862167e-16 -2.211326035879555756e-16 -3.851409261188424215e-16 -4.205240020311257268e-16 -2.001960676861806864e-16 -3.161248755510354717e-16 1.006738404352311030e-17 -1.780059923252504950e-01 1.264793418151558546e-01 -6.727382874520623085e-03 2.126937938286110608e-01 3.354534734168360677e-01 -4.037089255156425111e-02 -1.629075483360361010e-01 1.074225377569685141e-01 4.515472058399377236e-02 2.249298726145447791e-01 2.529458294641091509e-01 -2.111797203778897070e-01
-4.807417187412264814e-02 4.907823320584793481e-02 -1.032695589989494900e-01 3.466021626194421001e-02 3.800436296040426683e-04 4.999999999999997780e-01 -1.110071585736819265e-02 2.207576902450052343e-03 -1.423154332605379990e-01 1.773071727533160613e-01 -4.744067289560664064e-02 1.244176545838953651e-01 8.863013870531629953e-04 -1.088334961467602863e-01 -4.567850674103968167e-02 -1.500975083894008910e-01 -2.406913715989734415e-01 -1.346914342773133655e-01 -2.985671828025191488e-01 -1.673863615287906476e-02 -2.081797391294137878e-01 -6.858009465413175687e-02 -2.853689375991134147e-01 -1.622886897283517260e-01 -1.538222611100797665e-01 -3.693115806900233999e-01 1.125399288990757002e-01 3.938283521813910198e-02 -3.960915767531758384e-03 1.416170086355682083e-02 -4.886472649721931849e-02 -3.248366485411800508e-01 1.338969776387543276e-01 -7.596881818306849832e-02
-5.337591691945744315e-02 5.900480453199329067e-02 -1.301752924646382426e-01 5.224960144981360965e-02 7.005472086540335446e-04 5.000000000000004441e-01 -3.727252418365935294e-02 5.393819184437757819e-02 3.500195342461628334e-01 -2.106510565184883943e-01 2.171021826146040182e-02 -1.196103455800805876e-02 -8.863013870536853639e-04 1.088334961467603418e-01 4.567850674103958453e-02 1.500975083894009465e-01 2.406913715989736635e-01 1.346914342773134210e-01 2.985671828025190933e-01 1.673863615287909598e-02 2.081797391294137323e-01 6.858009465413170136e-02 1.339145015470652282e-02 1.567629785207764678e-02 3.599501506413822771e-02 1.971447366600178885e-01 -1.279017420693586149e-01 -5.591851578157477909e-02 -7.509118004737118379e-02 1.498945746875416929e-01 -7.819629947322299934e-02 -4.246940359862635406e-01 1.456571464697236640e-01 -7.948304511709879117e-02
-5.337591691945739458e-02 5.900480453199333231e-02 -1.301752924646384646e-01 5.224960144981354027e-02 7.005472086532876135e-04 -5.000000000000001110e-01 -3.727252418365861047e-02 5.393819184437900066e-02 3.500195342461640546e-01 -2.106510565184878669e-01 2.171021826146164388e-02 -1.196103455800703180e-02 8.863013870536989164e-04 -1.088334961467604250e-01 -4.567850674103930697e-02 -1.500975083894011131e-01 -2.406913715989734970e-01 -1.346914342773135043e-01 -2.985671828025191488e-01 -1.673863615287897108e-02 -2.081797391294135102e-01 -6.858009465413135441e-02 1.339145015470757753e-02 1.567629785207575940e-02 3.599501506413815832e-02 1.971447366600170004e-01 -1.279017420693583373e-01 -5.591851578157559094e-02 -7.509118004737157237e-02 1.498945746875411933e-01 -7.819629947322294383e-02 -4.246940359862629299e-01 1.456571464697236362e-01 -7.948304511709877729e-02
-1.003225715851094740e-01 -3.890918460404300255e-02 -2.091208380140579526e-01 -1.195760280027299560e-01 4.860225255989246429e-02 1.012674331112443223e-16 2.922016420318008789e-01 1.119121624954241417e-01 -2.223645815399588888e-01 -2.871222767771233197e-01 2.949302703176044371e-01 1.455270740048878186e-01 -1.379200562374710559e-01 -8.966652513363877752e-02 1.307542322886142694e-01 7.746362264805357889e-02 1.379428291897891699e-02 -1.005044922387551311e-02 -7.703450886103356543e-02 2.286791429608827156e-02 2.196537991829138059e-01 -4.817724413009235596e-01 -1.231528481250016710e-02 -3.002683724649278241e-01 5.021074566502649328e-02 1.001315731202930132e-01 1.138978859176101172e-01 -1.257841229559522878e-01 -8.003558244159497681e-02 9.040376933688586136e-02 3.760303496552915709e-02 1.796822558358694422e-01 2.089392154172433902e-01 -1.709597480447962725e-01
-2.204497040105003192e-01 -9.086161300493585113e-02 -1.218066299157214982e-01 3.025316765522214624e-01 3.978715233569234816e-02 -5.461350607776855197e-17 -1.375841444445427553e-01 2.368976699360564597e-01 -1.728511421896183342e-01 2.377156139184520567e-02 2.826477323061551417e-01 -3.866999527168901718e-01 -9.582009310707775076e-17 -3.542575755714697769e-16 1.599348699397796190e-16 1.496741343717220988e-17 -1.717117764095441936e-16 -2.697705119023263513e-17 -2.832243954195289426e-16 -3.147975754201425852e-16 -2.445495782710573273e-16 -2.642757985853029456e-16 2.695626259802904462e-02 2.788396505820098237e-01 3.064133477825933816e-01 -2.911190725706761517e-01 -8.606572837875421655e-02 -2.524035277504346197e-01 2.728557333733178103e-01 1.302499898376134335e-01 -1.602177109297745483e-01 1.500150236214184765e-02 -5.501456776177623270e-02 -2.274039071254001509e-01
-1.221686465031739388e-01 -2.502016830749235199e-01 6.969408472684899105e-04 1.994661901463691545e-02 7.976624759924781649e-02 -4.104646284074991492e-16 -5.520935853513028735e-02 -8.472092110821845268e-03 -4.149921205200891861e-02 -1.146030636160016991e-01 -1.373364877036341025e-01 1.533815787114758133e-01 3.777941525668259619e-04 4.712767882700815703e-01 -2.087116961020268335e-01 1.341914633620237551e-01 9.112744085461034482e-02 4.072488517282552012e-01 -3.401362955285787693e-01 -1.247307002417622629e-01 -1.299426767055659737e-01 -1.165390950033627637e-01 1.413526954591691753e-01 5.328771870354299424e-03 -7.672626012447422705e-02 -1.443689200342865853e-01 -1.865825832232651804e-01 2.230516753214019654e-01 -7.083956332007272649e-02 2.851290237820792717e-01 -5.198206508267255027e-03 7.282679141897827058e-02 -4.810647882825649924e-02 -1.026742507235863383e-01
-4.807417187412242610e-02 4.907823320584787929e-02 -1.032695589989497675e-01 3.466021626194412675e-02 3.800436296028179535e-04 -4.999999999999999445e-01 -1.110071585736783183e-02 2.207576902450784397e-03 -1.423154332605378880e-01 1.773071727533166442e-01 -4.744067289560782719e-02 1.244176545838942688e-01 -8.863013870535172041e-04 1.088334961467606471e-01 4.567850674103934167e-02 1.500975083894013073e-01 2.406913715989737190e-01 1.346914342773140316e-01 2.985671828025197594e-01 1.673863615287909598e-02 2.081797391294140653e-01 6.858009465413117400e-02 -2.853689375991145250e-01 -1.622886897283495611e-01 -1.538222611100794612e-01 -3.693115806900224563e-01 1.125399288990756724e-01 3.938283521814012894e-02 -3.960915767531213681e-03 1.416170086355698736e-02 -4.886472649721925604e-02 -3.248366485411801063e-01 1.338969776387543831e-01 -7.596881818306851220e-02
-7.068279835693359880e-02 8.042541410990562689e-02 -1.783155400104163291e-01 7.031663160119144829e-02 8.968692344632802878e-04 3.160061087252870507e-16 -3.976312179430586957e-02 4.108770288143210464e-02 3.187097875743517827e-02 1.453099821081514920e-01 -7.991194162584108751e-02 3.929266945295338265e-01 -1.244742883158099223e-01 -2.149627399636270253e-01 2.299572388105925458e-01 -2.730314454679459990e-01 3.393644112269009194e-02 1.666435577814764091e-01 -2.081698480169678206e-02 -1.721016154509796836e-01 1.450923876991326578e-01 2.973329560806289851e-02 6.230070852383926550e-01 1.870134228157679102e-01 3.750524823643690275e-02 -1.629517610702213848e-01 1.274333380283846628e-01 5.464720178911672277e-02 5.044312245248352283e-02 -9.622770988280987536e-02 6.161779346396331798e-03 -6.784060486233058074e-02 7.772861224875766972e-02 -5.285569749352129337e-02
-6.639899360915944848e-02 8.619901039538632737e-02 -1.607983650440658885e-01 1.098606457137325521e-01 3.182196350959896197e-02 2.973898383458159391e-16 4.031319728166890548e-01 3.126383110906169605e-03 5.126461508574821357e-02 1.162689628365196209e-01 -5.661593578680901989e-02 1.220363642232668161e-01 1.244742883158105468e-01 2.149627399636270808e-01 -2.299572388105923237e-01 2.730314454679459435e-01 -3.393644112269000868e-02 -1.666435577814769364e-01 2.081698480169681675e-02 1.721016154509795726e-01 -1.450923876991328243e-01 -2.973329560806207278e-02 2.848591045658101922e-02 4.883488060247560547e-01 2.658134520894387190e-02 9.198381131602503813e-02 4.526583468254937737e-01 1.738014765484306723e-02 -6.167064751959422386e-02 -2.394574075949226777e-02 2.571700076149791014e-02 9.282438343793471616e-03 1.285508056917091246e-01 -8.425462871671381138e-02
-2.164158445272382492e-01 -1.327151599049165298e-01 -1.655784488469042859e-01 -1.431952111197824229e-01 9.172589830279233303e-02 -7.149483104494062136e-17 3.118388162645122641e-01 2.222721530981610488e-02 -8.960305621972776413e-02 -1.296270406938608566e-01 -8.441730673820922390e-03 -1.406766631154199032e-01 1.344576792166092549e-02 -1.252962148299884559e-01 9.920300652197829028e-02 -3.504950681159997306e-01 2.014215820371097546e-02 1.766940070053522049e-01 5.621752405933642255e-02 -1.949695297470680488e-01 -7.456141148378130079e-02 5.115057369089860417e-01 -2.437861862419908321e-01 1.175175017921292198e-01 -1.185842843642716943e-01 1.144895318775962512e-01 -2.579154525971620593e-03 1.605600728012323009e-01 -1.416188977053194353e-01 6.625711417300463035e-02 -7.278110206518916296e-04 1.679301561515704755e-01 1.344799932220777650e-01 -2.264727201424812930e-01
-1.787943265270770798e-01 2.571836222281953348e-03 1.623833658634971644e-01 4.361717223186916542e-02 -3.134535362998734642e-02 5.614867571100373802e-17 9.691279427460796486e-03 6.533019234829179345e-02 4.815611355925156212e-02 6.634232362594880139e-02 7.446031742441554246e-02 5.871568309849604927e-03 1.539251761861538947e-01 -1.867803935999670373e-01 4.871705164077761441e-01 5.493904348517236746e-01 1.442398539263880786e-01 -6.378701206121430156e-02 -2.996505516494513688e-01 -2.366886830568006306e-01 -1.314105791263731338e-01 1.517640504375493415e-01 2.578274488008506712e-02 -5.388997083509755592e-02 -1.981685696635591409e-01 1.131533940833597818e-01 1.005158993222649150e-01 2.342921644559621541e-02 6.439144006527641739e-02 -6.341843509176049200e-03 -1.118310271187335364e-01 -2.451927949793817132e-02 -1.396693865014124458e-01 -1.014032621895247510e-01
-1.787943265270770798e-01 2.571836222281953348e-03 1.623833658634971644e-01 4.361717223186917236e-02 -3.134535362998723540e-02 1.949265537891483056e-16 9.691279427460713219e-03 6.533019234829184896e-02 4.815611355925177028e-02 6.634232362594880139e-02 7.446031742441533430e-02 5.871568309849549416e-03 -1.594125632088273237e-01 3.548287639898712459e-02 -3.610887404653620458e-01 8.150543830394821332e-02 -4.111618252635182991e-01 -7.166885044840407004e-02 2.496986637203404413e-01 -5.924058553499839119e-01 2.322650160313873835e-01 -6.000471209929937599e-02 2.578274488008466467e-02 -5.388997083509640407e-02 -1.981685696635585303e-01 1.131533940833601704e-01 1.005158993222650815e-01 2.342921644559634031e-02 6.439144006527662556e-02 -6.341843509175979811e-03 -1.118310271187335364e-01 -2.451927949793817132e-02 -1.396693865014124458e-01 -1.014032621895247510e-01
2.379014514743208256e-02 -3.422617129543135267e-02 8.369542069757011926e-02 -4.287279710523768383e-02 -6.701162401658002305e-04 -2.560122344020091033e-16 4.416988473545630650e-02 -7.470282234247127562e-02 -5.870721523284782029e-01 4.042865589681348126e-01 -5.479563741748984945e-02 5.711795188558412006e-02 2.689519420000777495e-16 -1.707067503590564609e-16 -9.686083010786813375e-18 -1.344116134395438936e-16 -5.274160899224262912e-16 -4.324231124576099336e-16 -5.573776548761916583e-16 -2.021698560240328554e-16 -3.985256180077156014e-16 2.373917981196248690e-16 8.945205241699334675e-02 7.469715058222643755e-02 1.168971831596007926e-01 4.725968292601567811e-01 -2.480036636137869510e-01 -1.032386565186021593e-01 -1.033562333084421109e-01 2.017207049014251574e-01 -6.772917339599332509e-02 -2.912347400194431057e-01 5.853123326773783386e-02 -2.363562810459086255e-02
-9.853100277183851619e-02 1.117129268845262757e-01 -1.837925646605232388e-01 -2.026858442469604837e-01 -1.896544357159121036e-02 -1.385448463873371279e-16 -7.584691981135238681e-02 6.866062719116418356e-02 -6.749748049603158939e-02 1.401704219377205782e-02 1.055987511907819920e-01 -2.316791152062826903e-02 -3.643440461832700983e-01 3.780549604339026315e-01 1.516043399863446772e-01 1.379708993392508853e-01 -1.601751847044505239e-01 -1.019737650077223307e-01 2.371495363003113255e-01 5.754403314088752525e-02 -4.750498038117206834e-01 1.503808716410661994e-01 2.093822930806519822e-01 -1.891466532872121409e-01 -3.093412121230455780e-02 3.922879525636885356e-03 -1.412215800998163906e-01 -2.522454838589702555e-02 4.133443558683058683e-02 -2.911538787323925681e-01 -1.508482592748597827e-02 1.798032152646807449e-02 1.317642786073828232e-01 -9.239953819570245752e-02
-1.787943265270770798e-01 2.571836222281953348e-03 1.623833658634971644e-01 4.361717223186916542e-02 -3.134535362998734642e-02 2.504377050204061079e-16 9.691279427460824242e-03 6.533019234829197386e-02 4.815611355925139558e-02 6.634232362594875976e-02 7.446031742441505674e-02 5.871568309849466150e-03 7.440463054508196505e-02 4.209569602544658423e-02 -8.510267995056679247e-02 -3.970119117841150458e-01 5.622456196362682901e-01 -1.876134118981350740e-01 1.668158067196502947e-01 -1.039094913300600553e-01 -3.656169204200022671e-01 -3.360705736099330876e-01 2.578274488008462303e-02 -5.388997083509646652e-02 -1.981685696635586691e-01 1.131533940833600038e-01 1.005158993222649150e-01 2.342921644559636113e-02 6.439144006527666719e-02 -6.341843509175993689e-03 -1.118310271187335503e-01 -2.451927949793817132e-02 -1.396693865014124458e-01 -1.014032621895247510e-01
-2.146242757139672774e-01 1.790695158365269296e-02 -1.402501754933697109e-01 -2.263050273640130616e-01 2.415820217130874858e-02 1.171695880227492931e-16 -5.620974557864065468e-02 -2.102431999444396432e-02 6.526404482419934094e-02 1.715122782770341636e-01 -1.977732498006437578e-01 -3.093716486409353039e-01 6.442453405567621916e-02 1.511885357141542763e-01 1.571384354362533042e-01 -4.723557413829389956e-02 -1.236974064892437490e-02 -1.994344508357977497e-01 -1.534205036511734066e-01 7.528343643272786267e-02 3.767318632650886179e-01 -2.993220992599151531e-01 -2.208860834883819360e-02 2.286392209698456801e-01 -1.997291512416026482e-01 1.828083828294049112e-02 -2.576986205433980937e-01 2.611196473712876220e-01 -2.024887967689380577e-02 -3.153005338962736048e-01 -5.341567191366712597e-02 6.228221842169024552e-03 5.730505641221722568e-02 -1.479125102933875058e-01
-1.787943265270770798e-01 2.571836222281952480e-03 1.623833658634971644e-01 4.361717223186916542e-02 -3.134535362998734642e-02 -1.639813002643574132e-16 9.691279427460758322e-03 6.533019234829187671e-02 4.815611355925116660e-02 6.634232362594881527e-02 7.446031742441505674e-02 5.871568309849410638e-03 -5.765582875846056998e-01 -1.184578361787998746e-01 -2.539767308737953533e-01 -9.403029497122504014e-06 1.457603196155506098e-01 2.873280387584257328e-02 -2.650574811521794194e-01 4.619648864816115474e-01 1.943496409952815973e-01 2.329494762361566107e-01 2.578274488008434548e-02 -5.388997083509559916e-02 -1.981685696635588356e-01 1.131533940833601704e-01 1.005158993222649982e-01 2.342921644559639235e-02 6.439144006527670883e-02 -6.341843509175924300e-03 -1.118310271187335503e-01 -2.451927949793817479e-02 -1.396693865014124458e-01 -1.014032621895247510e-01
-9.853100277183851619e-02 1.117129268845262757e-01 -1.837925646605232388e-01 -2.026858442469604837e-01 -1.896544357159118260e-02 2.181727356696260130e-16 -7.584691981135235905e-02 6.866062719116429458e-02 -6.749748049603172817e-02 1.401704219377208557e-02 1.055987511907820198e-01 -2.316791152062826209e-02 4.243938004434036348e-01 -3.142807561844295772e-01 -5.387000142331906938e-01 1.822961202669887981e-01 1.386084842306851417e-01 1.347646580620439349e-01 -6.291204784744039435e-02 3.927414587736455936e-02 -4.677444715249984286e-02 1.192079320107864160e-01 2.093822930806519822e-01 -1.891466532872120576e-01 -3.093412121230477985e-02 3.922879525636819437e-03 -1.412215800998163906e-01 -2.522454838589690065e-02 4.133443558683060765e-02 -2.911538787323925126e-01 -1.508482592748597827e-02 1.798032152646806062e-02 1.317642786073828232e-01 -9.239953819570244364e-02
-1.787943265270770798e-01 2.571836222281954215e-03 1.623833658634971644e-01 4.361717223186916542e-02 -3.134535362998739499e-02 5.021525145107365603e-16 9.691279427460758322e-03 6.533019234829186284e-02 4.815611355925148579e-02 6.634232362594873200e-02 7.446031742441497348e-02 5.871568309849410638e-03 3.052964537690501801e-01 -1.319540349345935809e-02 1.866134317343092763e-01 -1.091753615557124052e-01 -4.149199443467856963e-01 4.837204721438323474e-01 2.245795571517790190e-01 4.186236211185932476e-01 -8.666522156246866948e-02 -1.710885830054822421e-01 2.578274488008442528e-02 -5.388997083509589059e-02 -1.981685696635584748e-01 1.131533940833601704e-01 1.005158993222649705e-01 2.342921644559645480e-02 6.439144006527666719e-02 -6.341843509175941647e-03 -1.118310271187335503e-01 -2.451927949793817479e-02 -1.396693865014124458e-01 -1.014032621895247510e-01
-1.443381477771422672e-01 1.248872775812214786e-01 1.736489035773735035e-01 4.744258206977839537e-02 5.090095513116805748e-01 -7.974174528594741658e-16 -7.287079664545062507e-02 -8.972107336353754570e-02 -4.561813033426394270e-02 -7.905885577233712214e-02 1.564507564122144534e-01 9.506722035376263813e-02 2.023445902931467477e-01 2.408550608477935395e-01 2.638420314763905913e-02 -1.246991967863472772e-01 -2.616402356790167166e-02 -1.893840016119203440e-01 -7.638599479013759297e-02 5.241552213664056603e-02 1.570780640821762553e-01 1.824503420410087118e-01 1.163538959583094445e-01 -7.456152572104957077e-02 -5.946362559306490186e-02 -8.554242548944945845e-02 2.041279641467924622e-02 -3.174303916598699704e-01 -3.738265071728773536e-01 -1.080546784116861031e-01 2.026028819592600450e-01 -7.299487223753794995e-02 -2.170469485628275241e-01 -1.501185718611532105e-01
6.572080917533942857e-02 6.719349469674536224e-02 4.796600637825840924e-02 -5.858947132122435675e-02 4.038138565671735014e-01 -3.488560462168042373e-17 1.411528130989960416e-03 4.128609887292124525e-01 5.040098936942632654e-03 2.877850910141483559e-02 -2.850115316865994841e-01 -5.720992647030685024e-02 -2.023445902931468310e-01 -2.408550608477934007e-01 -2.638420314763874341e-02 1.246991967863471662e-01 2.616402356790185207e-02 1.893840016119205938e-01 7.638599479013803706e-02 -5.241552213664069787e-02 -1.570780640821757002e-01 -1.824503420410084897e-01 -1.242454474119110419e-01 1.514519799900894415e-01 -9.838350534409665005e-02 3.682400435250501869e-02 -8.771120034982129998e-02 -9.788471849720374596e-02 1.114866909529120681e-01 -4.317260204688691538e-02 5.047718043130320353e-01 -7.776523169937667179e-02 -5.641262194995009388e-02 -5.705244054116562213e-02
7.710226431995195751e-02 -1.087907200542831826e-01 -6.772831294347006481e-02 -7.453656257079178948e-02 -3.899254043433855177e-01 1.162204635734107436e-15 8.866445609588356758e-02 9.192172595353338693e-02 2.032935943074879459e-01 3.306569410630452177e-01 3.486622992371641305e-01 -2.018401301701654074e-03 3.912404806495159426e-02 2.485845545771237786e-01 2.381487292810252968e-02 -1.317695894461347605e-01 4.944992920469937908e-02 1.922542039489058552e-01 -2.186696375602072695e-01 -1.222083967780507735e-01 8.611388753787108108e-02 4.782227132285370858e-02 -1.232002450343577804e-01 -3.385149329894408116e-02 7.092422724605297601e-02 1.007286618120075972e-01 4.630228774419589688e-02 -1.732932945367909872e-01 6.157204628464741508e-02 -1.603921934143545391e-01 4.749923848067363341e-01 -1.017993154524831217e-01 -7.548493479916243420e-02 -5.920647491677855784e-02
-8.777588042595391160e-02 -9.176581560955746064e-02 1.035659372977330156e-02 -4.031408908900550869e-02 2.263249919701290636e-01 -3.891022263459691154e-16 -1.801345359386488654e-02 -3.419057972329317407e-01 2.032109157482429318e-01 2.657228651334958003e-01 2.500513936049448827e-01 -5.142592187112499796e-02 -2.023445902931470808e-01 -2.408550608477933730e-01 -2.638420314763907648e-02 1.246991967863474160e-01 2.616402356790243841e-02 1.893840016119213432e-01 7.638599479013841176e-02 -5.241552213664036480e-02 -1.570780640821756446e-01 -1.824503420410087673e-01 -1.134976013352313740e-01 2.862034105765392036e-02 3.955293184489581115e-01 -6.203912257567964494e-02 2.679722396661671224e-03 2.534604184155316298e-01 -3.691723650775873833e-01 -1.413219842273098492e-01 -6.002015468385168973e-02 -3.256976268615466297e-02 -1.159652570714635039e-01 -7.557941348827236505e-02
-1.046484051248013913e-01 -3.059106161583285965e-01 -7.054604532320343790e-02 2.451984357493151856e-02 -3.568194545968718656e-01 9.168870299387949756e-18 -1.286787881657163249e-02 -2.322417705510070873e-01 -7.469351002990880922e-03 -6.635344010289075112e-02 2.490438761155735342e-02 6.299094067481196546e-02 -3.912404806495187182e-02 -2.485845545771237508e-01 -2.381487292810227988e-02 1.317695894461345107e-01 -4.944992920469896275e-02 -1.922542039489054111e-01 2.186696375602075748e-01 1.222083967780506902e-01 -8.611388753787078965e-02 -4.782227132285374327e-02 1.149957488206889422e-01 1.885192768947713260e-01 -3.330379319420878059e-01 -2.027630008146095175e-01 -2.518289608770768462e-01 -1.603327314819986693e-01 -2.513831054126285380e-01 1.833719265755303918e-01 3.011455917611012278e-01 2.113477792812762726e-02 -1.030503188625860184e-01 -1.334771533802403820e-01
-6.258662356159447326e-02 -3.032834700458013621e-01 4.211614074270373514e-03 -5.916316811644958124e-02 1.264265454519823417e-01 4.326433891309578390e-16 -8.886382157805100546e-03 3.072193122828966727e-01 1.277645212064611457e-01 1.678042539339335559e-01 4.908493621833882881e-02 2.417538154464372591e-01 1.632205422281950702e-01 -7.729493729330593789e-03 2.569330219536459636e-03 7.070392659787771289e-03 -7.561395277260095360e-02 -3.816382055608262269e-01 1.422836427700692186e-01 1.746239189146915893e-01 7.096417654430485500e-02 1.346280707181546632e-01 4.450939706329126722e-02 -2.117132264530082186e-01 2.505096389391914813e-01 1.475382255804351048e-02 -7.503391782525724307e-02 4.331427875880114464e-01 1.712760250571300491e-01 2.264939275742733349e-01 1.634503800291002285e-01 2.271948945734586153e-02 -6.864757359308938656e-02 -1.310778229837108455e-01
-1.270666304011317249e-01 -7.034337715491403853e-03 1.032307524289211714e-01 4.069257161530431821e-02 -3.830415800378434987e-01 6.964415438201389549e-16 6.354256727636496682e-02 3.642255050187092613e-01 -8.400556125081459768e-02 -1.127826978077680897e-01 -4.385364694690424558e-01 -9.832935071880825884e-02 -5.491975596530618342e-17 2.762159878033050741e-18 -2.324941123387205496e-16 1.135882926263848350e-16 -2.040185601680473635e-17 1.049403752244818380e-16 -1.116296405388164700e-17 -6.355152395835993419e-18 2.819117051428718738e-17 4.162752810979354984e-18 3.532246662008316218e-02 -1.633442444496064350e-01 3.475338391482276079e-01 -6.373839834923690495e-02 1.229042936264535396e-01 -3.562254845704479478e-02 -4.469440106479963259e-01 -1.741412327744769617e-01 -5.008251520726748895e-02 -6.071485372569051381e-02 -2.065786167087889924e-01 -1.349608192623281411e-01
-1.575142839834138553e-01 6.021182279587871528e-02 1.960637609569214901e-01 -3.535047114857283179e-01 -7.023708843698103776e-02 1.057291240565716652e-16 5.512967416019028816e-02 -7.114506465325706741e-02 9.374540972969822028e-02 -8.776209161460707397e-02 -9.672422123475725442e-02 5.130879512182201507e-01 9.186206706574243805e-17 -3.553337399074305891e-16 2.071490474225676790e-16 -5.392142160609525110e-17 -3.367135575853516591e-17 -2.533225568121360941e-16 4.298290158773408188e-17 -2.677346046577232846e-16 -1.840068681088404339e-16 2.805297708763829882e-16 -2.978109831647994254e-01 2.342817858824039479e-01 2.309450855838138528e-01 -6.890836850592739482e-02 -2.515804778673206288e-01 -2.894405017664775648e-01 2.430634008088893017e-01 -1.136260152477357038e-01 -2.024633526746076606e-01 6.644530122802766448e-02 -9.668731612771766515e-02 -1.747583023143529646e-01
-2.673581927907006661e-01 1.830225436196341315e-01 -1.093306208223372711e-02 1.928241275339546701e-01 -9.755842182720439459e-02 -7.087647169905910413e-16 -7.817879841089769855e-02 -4.558816655078028468e-01 -2.018341794783257981e-01 -2.942932357794997289e-01 -1.477216067812930633e-01 -3.701194957664472734e-02 1.967265514811365150e-16 -1.875923780533302099e-16 -1.268801682464697608e-16 6.729640821475179638e-17 -4.461985234331833062e-16 -5.705055703651839120e-16 -5.478887887173149641e-16 -2.778160352251684583e-17 -4.774371110951983251e-16 6.412306750412307722e-17 -2.899591833265664081e-02 -9.109892373689910949e-02 2.015251488180287709e-01 1.327567568918915641e-01 1.150569182892029058e-01 2.275888426489212080e-01 3.518074267441946845e-01 -8.714110742501277040e-02 3.894243711349339443e-01 -1.461382821365838913e-01 -1.022345534775838116e-01 -1.910338414065441415e-01
2.813539981511118393e-01 -3.323044158844712381e-01 -3.696775467353359268e-01 -1.638835348809101478e-01 1.557014933080678176e-01 -1.956486862065816864e-16 1.678558170921613107e-02 -2.238532915565344950e-01 1.008855443128347518e-01 9.498934301886483023e-02 -2.993969040470926823e-01 -1.223266138389749597e-01 5.485562016505670654e-17 2.777425031619096143e-16 -2.217747861542855871e-16 9.134331515669923497e-17 -1.643480266064208255e-17 6.195256289505984823e-17 2.310556201720043855e-17 1.952431384425667257e-16 -3.987394004041401656e-17 1.070707909812163915e-16 7.702449051950226167e-02 -1.979762542389134072e-01 -1.808941794908301703e-02 8.242543696731104153e-02 2.238174598583662911e-01 -2.848122189036524365e-01 1.830483316009334782e-01 2.646079064296280245e-02 -1.697183617338293149e-01 -3.723556552940644054e-02 -3.245558285171193380e-01 -3.086442197910478358e-01
5.209371235917671372e-01 3.234368921247043893e-01 -1.354469144715791384e-01 5.756997386510166737e-02 -9.016390841290405911e-02 -8.489685903230815895e-18 -3.314145173215357620e-02 1.295116766719539847e-01 -1.583080617061774775e-01 -1.641238727413784071e-01 2.403940410715175446e-01 1.198674909486973361e-01 5.102902462820869395e-17 -1.816948869489505899e-16 1.616181976206942447e-16 -7.603968239410943268e-17 -8.415121345723996239e-17 -1.993274805721179812e-16 -1.740047710335570742e-16 -1.514470463133330716e-16 -1.033488722364517764e-16 1.625857702625553845e-17 -6.930486120784212778e-02 1.753570451401474384e-01 -1.039508307118218178e-01 1.197890388987737746e-02 -1.201402928225864808e-01 3.101927702153980393e-01 -8.948398497809127716e-02 -3.588578185551526828e-02 -8.850928371066528466e-02 -3.427507752615328168e-02 -3.705890762182494913e-01 -3.733634702914835346e-01
